gamma
   19.2723   16.5630
   16.5630   19.2723
Overlap Matrix 
   1.0000e+00            0            0            0   7.9151e-01  -4.7932e-01            0            0
            0   1.0000e+00            0            0   4.7932e-01   1.5901e-01            0            0
            0            0   1.0000e+00            0            0            0   6.6171e-01            0
            0            0            0   1.0000e+00            0            0            0   6.6171e-01
   7.9151e-01   4.7932e-01            0            0   1.0000e+00   1.7108e-16            0            0
  -4.7932e-01   1.5901e-01            0            0   1.7108e-16   1.0000e+00            0            0
            0            0   6.6171e-01            0            0            0   1.0000e+00            0
            0            0            0   6.6171e-01            0            0            0   1.0000e+00
Core Hamiltonian Matrix 
  -1.8886e+02            0            0            0  -1.9788e+01   1.1983e+01            0            0
            0  -1.7682e+02            0            0  -1.1983e+01  -3.9753e+00            0            0
            0            0  -1.7682e+02            0            0            0  -1.6543e+01            0
            0            0            0  -1.7682e+02            0            0            0  -1.6543e+01
  -1.9788e+01  -1.1983e+01            0            0  -1.8886e+02  -4.2769e-15            0            0
   1.1983e+01  -3.9753e+00            0            0  -4.2769e-15  -1.7682e+02            0            0
            0            0  -1.6543e+01            0            0            0  -1.7682e+02            0
            0            0            0  -1.6543e+01            0            0            0  -1.7682e+02
Iteration: 0
Fock Matrix for Alpha: 
  -1.8886e+02            0            0            0  -1.9788e+01   1.1983e+01            0            0
            0  -1.7682e+02            0            0  -1.1983e+01  -3.9753e+00            0            0
            0            0  -1.7682e+02            0            0            0  -1.6543e+01            0
            0            0            0  -1.7682e+02            0            0            0  -1.6543e+01
  -1.9788e+01  -1.1983e+01            0            0  -1.8886e+02  -4.2769e-15            0            0
   1.1983e+01  -3.9753e+00            0            0  -4.2769e-15  -1.7682e+02            0            0
            0            0  -1.6543e+01            0            0            0  -1.7682e+02            0
            0            0            0  -1.6543e+01            0            0            0  -1.7682e+02
Fock Matrix for Beta: 
  -1.8886e+02            0            0            0  -1.9788e+01   1.1983e+01            0            0
            0  -1.7682e+02            0            0  -1.1983e+01  -3.9753e+00            0            0
            0            0  -1.7682e+02            0            0            0  -1.6543e+01            0
            0            0            0  -1.7682e+02            0            0            0  -1.6543e+01
  -1.9788e+01  -1.1983e+01            0            0  -1.8886e+02  -4.2769e-15            0            0
   1.1983e+01  -3.9753e+00            0            0  -4.2769e-15  -1.7682e+02            0            0
            0            0  -1.6543e+01            0            0            0  -1.7682e+02            0
            0            0            0  -1.6543e+01            0            0            0  -1.7682e+02
after solving eigen quation: 0
MO Coefficient Matrix for Alpha: 
   6.7657e-01  -1.3964e-15            0   3.7438e-01   2.0554e-01   5.9987e-01   8.0647e-15            0
   2.0554e-01   2.3687e-15            0  -5.9987e-01  -6.7657e-01   3.7438e-01   6.1989e-15            0
  -4.9960e-16  -7.0711e-01            0  -1.9429e-15   5.5511e-16  -9.6589e-15   7.0711e-01            0
            0            0  -7.0711e-01            0            0            0            0  -7.0711e-01
   6.7657e-01   3.0541e-16            0  -3.7438e-01   2.0554e-01  -5.9987e-01  -8.6428e-15            0
  -2.0554e-01   1.5807e-15            0  -5.9987e-01   6.7657e-01   3.7438e-01   4.3522e-15            0
  -5.5511e-16  -7.0711e-01            0  -2.0539e-15  -1.5127e-15   1.0325e-14  -7.0711e-01            0
            0            0  -7.0711e-01            0            0            0            0   7.0711e-01
MO Coefficient Matrix for Beta: 
   6.7657e-01  -1.3964e-15            0   3.7438e-01   2.0554e-01   5.9987e-01   8.0647e-15            0
   2.0554e-01   2.3687e-15            0  -5.9987e-01  -6.7657e-01   3.7438e-01   6.1989e-15            0
  -4.9960e-16  -7.0711e-01            0  -1.9429e-15   5.5511e-16  -9.6589e-15   7.0711e-01            0
            0            0  -7.0711e-01            0            0            0            0  -7.0711e-01
   6.7657e-01   3.0541e-16            0  -3.7438e-01   2.0554e-01  -5.9987e-01  -8.6428e-15            0
  -2.0554e-01   1.5807e-15            0  -5.9987e-01   6.7657e-01   3.7438e-01   4.3522e-15            0
  -5.5511e-16  -7.0711e-01            0  -2.0539e-15  -1.5127e-15   1.0325e-14  -7.0711e-01            0
            0            0  -7.0711e-01            0            0            0            0   7.0711e-01
p: 4 q: 1
Density Matrix for Alpha: 
   5.9791e-01  -8.5513e-02  -7.7966e-17            0   3.1760e-01  -3.6364e-01  -1.5709e-16            0
  -8.5513e-02   4.0209e-01  -6.1215e-16            0   3.6364e-01   3.1760e-01  -5.5696e-16            0
  -7.7966e-17  -6.1215e-16   5.0000e-01            0   1.7340e-16   1.5042e-16   5.0000e-01            0
            0            0            0   5.0000e-01            0            0            0   5.0000e-01
   3.1760e-01   3.6364e-01   1.7340e-16            0   5.9791e-01   8.5513e-02   1.7740e-16            0
  -3.6364e-01   3.1760e-01   1.5042e-16            0   8.5513e-02   4.0209e-01   2.2843e-16            0
  -1.5709e-16  -5.5696e-16   5.0000e-01            0   1.7740e-16   2.2843e-16   5.0000e-01            0
            0            0            0   5.0000e-01            0            0            0   5.0000e-01
Density Matrix for Beta: 
   4.5775e-01   1.3906e-01  -3.3802e-16            0   4.5775e-01  -1.3906e-01  -3.7557e-16            0
   1.3906e-01   4.2247e-02  -1.0269e-16            0   1.3906e-01  -4.2247e-02  -1.1410e-16            0
  -3.3802e-16  -1.0269e-16   2.4960e-31            0  -3.3802e-16   1.0269e-16   2.7733e-31            0
            0            0            0            0            0            0            0            0
   4.5775e-01   1.3906e-01  -3.3802e-16            0   4.5775e-01  -1.3906e-01  -3.7557e-16            0
  -1.3906e-01  -4.2247e-02   1.0269e-16            0  -1.3906e-01   4.2247e-02   1.1410e-16            0
  -3.7557e-16  -1.1410e-16   2.7733e-31            0  -3.7557e-16   1.1410e-16   3.0815e-31            0
            0            0            0            0            0            0            0            0
Total Density Matrix: 
   1.0557e+00   5.3550e-02  -4.1598e-16            0   7.7535e-01  -5.0270e-01  -5.3266e-16            0
   5.3550e-02   4.4434e-01  -7.1484e-16            0   5.0270e-01   2.7535e-01  -6.7106e-16            0
  -4.1598e-16  -7.1484e-16   5.0000e-01            0  -1.6462e-16   2.5311e-16   5.0000e-01            0
            0            0            0   5.0000e-01            0            0            0   5.0000e-01
   7.7535e-01   5.0270e-01  -1.6462e-16            0   1.0557e+00  -5.3550e-02  -1.9817e-16            0
  -5.0270e-01   2.7535e-01   2.5311e-16            0  -5.3550e-02   4.4434e-01   3.4253e-16            0
  -5.3266e-16  -6.7106e-16   5.0000e-01            0  -1.9817e-16   3.4253e-16   5.0000e-01            0
            0            0            0   5.0000e-01            0            0            0   5.0000e-01
Total Density Vector
   2.5000
   2.5000
Iteration: 1
Fock Matrix for Alpha: 
  -1.1079e+02   7.4110e+00   6.7570e-15            0  -2.5048e+01   3.7499e+01   1.1023e-14            0
   7.4110e+00  -9.4976e+01   2.7999e-13            0  -3.7499e+01  -1.0031e+02   1.6894e-13            0
   6.7570e-15   2.7999e-13  -9.6863e+01            0  -1.2167e-14  -4.5627e-14  -1.6821e+02            0
            0            0            0  -9.6863e+01            0            0            0  -1.6821e+02
  -2.5048e+01  -3.7499e+01  -1.2167e-14            0  -1.1079e+02  -7.4110e+00  -1.5375e-14            0
   3.7499e+01  -1.0031e+02  -4.5627e-14            0  -7.4110e+00  -9.4976e+01  -1.0448e-13            0
   1.1023e-14   1.6894e-13  -1.6821e+02            0  -1.5375e-14  -1.0448e-13  -9.6863e+01            0
            0            0            0  -1.6821e+02            0            0            0  -9.6863e+01
Fock Matrix for Beta: 
  -1.0809e+02  -1.2052e+01   2.9294e-14            0  -2.7369e+01   2.1741e+01   2.6354e-14            0
  -1.2052e+01  -8.8041e+01   4.6968e-14            0  -2.1741e+01   8.8392e+00   3.4609e-14            0
   2.9294e-14   4.6968e-14  -8.7227e+01            0   2.3718e-14  -3.1148e-14  -1.6543e+01            0
            0            0            0  -8.7227e+01            0            0            0  -1.6543e+01
  -2.7369e+01  -2.1741e+01   2.3718e-14            0  -1.0809e+02   1.2052e+01   3.2549e-14            0
   2.1741e+01   8.8392e+00  -3.1148e-14            0   1.2052e+01  -8.8041e+01  -5.2186e-14            0
   2.6354e-14   3.4609e-14  -1.6543e+01            0   3.2549e-14  -5.2186e-14  -8.7227e+01            0
            0            0            0  -1.6543e+01            0            0            0  -8.7227e+01
after solving eigen quation: 1
MO Coefficient Matrix for Alpha: 
  -4.7507e-17            0  -2.3807e-01   6.9280e-01   6.6582e-01  -1.4150e-01  -4.2215e-17            0
  -2.5721e-15            0   6.6582e-01   1.4150e-01   2.3807e-01   6.9280e-01   5.3178e-16            0
   7.0711e-01            0   1.4781e-15   1.7184e-16   1.4776e-16   4.4815e-16   7.0711e-01            0
            0  -7.0711e-01            0            0            0            0            0  -7.0711e-01
  -4.6287e-16            0   2.3807e-01   6.9280e-01  -6.6582e-01  -1.4150e-01  -1.6276e-16            0
  -9.0253e-16            0   6.6582e-01  -1.4150e-01   2.3807e-01  -6.9280e-01  -7.2775e-17            0
   7.0711e-01            0   1.9137e-15   4.4766e-16   4.8848e-16   1.0720e-15  -7.0711e-01            0
            0  -7.0711e-01            0            0            0            0            0   7.0711e-01
MO Coefficient Matrix for Beta: 
  -6.1150e-01  -2.2114e-15   3.8044e-30   5.1916e-01   3.5506e-01  -7.7257e-15   9.9074e-16  -4.8007e-01
  -3.5506e-01   3.3470e-16  -6.8622e-32  -4.8007e-01  -6.1150e-01  -8.4324e-15   1.0814e-15  -5.1916e-01
   1.4433e-15  -7.0711e-01   1.1532e-15   1.1102e-16  -1.7208e-15   7.0136e-01  -8.9942e-02  -1.1213e-14
  -1.9722e-31  -1.1102e-15  -7.0711e-01  -1.9722e-31   3.4513e-31   8.9942e-02   7.0136e-01   1.8933e-28
  -6.1150e-01  -1.2515e-15   2.6258e-30  -5.1916e-01   3.5506e-01   8.4794e-15  -1.0831e-15   4.8007e-01
   3.5506e-01  -1.1102e-16   1.9722e-31  -4.8007e-01   6.1150e-01  -7.4385e-15   9.4369e-16  -5.1916e-01
   1.3323e-15  -7.0711e-01   1.4433e-15  -9.9920e-16  -4.4409e-16  -7.0136e-01   8.9942e-02   1.1657e-14
  -7.1632e-32  -1.4569e-15  -7.0711e-01  -8.9471e-31  -5.5210e-31  -8.9942e-02  -7.0136e-01  -1.8491e-28
p: 4 q: 1
Density Matrix for Alpha: 
   5.3666e-01  -6.0484e-02  -2.6645e-16            0   4.2330e-01  -2.5655e-01  -1.7904e-16            0
  -6.0484e-02   4.6334e-01  -8.1024e-16            0   2.5655e-01   4.2330e-01  -4.8123e-16            0
  -2.6645e-16  -8.1024e-16   5.0000e-01            0   1.4366e-16   3.2169e-16   5.0000e-01            0
            0            0            0   5.0000e-01            0            0            0   5.0000e-01
   4.2330e-01   2.5655e-01   1.4366e-16            0   5.3666e-01   6.0484e-02   4.3844e-16            0
  -2.5655e-01   4.2330e-01   3.2169e-16            0   6.0484e-02   4.6334e-01   5.7264e-16            0
  -1.7904e-16  -4.8123e-16   5.0000e-01            0   4.3844e-16   5.7264e-16   5.0000e-01            0
            0            0            0   5.0000e-01            0            0            0   5.0000e-01
Density Matrix for Beta: 
   3.7393e-01   2.1712e-01  -8.8257e-16   1.2060e-31   3.7393e-01  -2.1712e-01  -8.1468e-16   4.3803e-32
   2.1712e-01   1.2607e-01  -5.1245e-16   7.0023e-32   2.1712e-01  -1.2607e-01  -4.7303e-16   2.5433e-32
  -8.8257e-16  -5.1245e-16   2.0831e-30  -2.8464e-46  -8.8257e-16   5.1245e-16   1.9228e-30  -1.0339e-46
   1.2060e-31   7.0023e-32  -2.8464e-46   3.8894e-62   1.2060e-31  -7.0023e-32  -2.6274e-46   1.4127e-62
   3.7393e-01   2.1712e-01  -8.8257e-16   1.2060e-31   3.7393e-01  -2.1712e-01  -8.1468e-16   4.3803e-32
  -2.1712e-01  -1.2607e-01   5.1245e-16  -7.0023e-32  -2.1712e-01   1.2607e-01   4.7303e-16  -2.5433e-32
  -8.1468e-16  -4.7303e-16   1.9228e-30  -2.6274e-46  -8.1468e-16   4.7303e-16   1.7749e-30  -9.5432e-47
   4.3803e-32   2.5433e-32  -1.0339e-46   1.4127e-62   4.3803e-32  -2.5433e-32  -9.5432e-47   5.1311e-63
Total Density Matrix: 
   9.1059e-01   1.5663e-01  -1.1490e-15   1.2060e-31   7.9723e-01  -4.7366e-01  -9.9373e-16   4.3803e-32
   1.5663e-01   5.8941e-01  -1.3227e-15   7.0023e-32   4.7366e-01   2.9723e-01  -9.5426e-16   2.5433e-32
  -1.1490e-15  -1.3227e-15   5.0000e-01  -2.8464e-46  -7.3892e-16   8.3414e-16   5.0000e-01  -1.0339e-46
   1.2060e-31   7.0023e-32  -2.8464e-46   5.0000e-01   1.2060e-31  -7.0023e-32  -2.6274e-46   5.0000e-01
   7.9723e-01   4.7366e-01  -7.3892e-16   1.2060e-31   9.1059e-01  -1.5663e-01  -3.7625e-16   4.3803e-32
  -4.7366e-01   2.9723e-01   8.3414e-16  -7.0023e-32  -1.5663e-01   5.8941e-01   1.0457e-15  -2.5433e-32
  -9.9373e-16  -9.5426e-16   5.0000e-01  -2.6274e-46  -3.7625e-16   1.0457e-15   5.0000e-01  -9.5432e-47
   4.3803e-32   2.5433e-32  -1.0339e-46   5.0000e-01   4.3803e-32  -2.5433e-32  -9.5432e-47   5.0000e-01
Total Density Vector
   2.5000
   2.5000
Iteration: 2
Fock Matrix for Alpha: 
  -1.0961e+02   5.2419e+00   2.3092e-14            0  -2.6799e+01   2.9985e+01   1.2563e-14            0
   5.2419e+00  -9.6157e+01   3.7059e-13            0  -2.9985e+01  -1.3237e+02   1.4597e-13            0
   2.3092e-14   3.7059e-13  -9.6863e+01            0  -1.0080e-14  -9.7575e-14  -1.6821e+02            0
            0            0            0  -9.6863e+01            0            0            0  -1.6821e+02
  -2.6799e+01  -2.9985e+01  -1.0080e-14            0  -1.0961e+02  -5.2419e+00  -3.7997e-14            0
   2.9985e+01  -1.3237e+02  -9.7575e-14            0  -5.2419e+00  -9.6157e+01  -2.6192e-13            0
   1.2563e-14   1.4597e-13  -1.6821e+02            0  -3.7997e-14  -2.6192e-13  -9.6863e+01            0
            0            0            0  -1.6821e+02            0            0            0  -9.6863e+01
Fock Matrix for Beta: 
  -1.0647e+02  -1.8817e+01   7.6489e-14  -1.0452e-29  -2.5981e+01   2.7218e+01   5.7165e-14  -3.0736e-30
  -1.8817e+01  -8.9657e+01   2.3439e-13  -3.2027e-29  -2.7218e+01   3.4264e+01   1.4348e-13  -7.7145e-30
   7.6489e-14   2.3439e-13  -8.7227e+01   1.3019e-43   6.1929e-14  -1.5544e-13  -1.6543e+01   3.1359e-44
  -1.0452e-29  -3.2027e-29   1.3019e-43  -8.7227e+01  -8.4622e-30   2.1240e-29   7.9697e-44  -1.6543e+01
  -2.5981e+01  -2.7218e+01   6.1929e-14  -8.4622e-30  -1.0647e+02   1.8817e+01   7.0605e-14  -3.7962e-30
   2.7218e+01   3.4264e+01  -1.5544e-13   2.1240e-29   1.8817e+01  -8.9657e+01  -2.1636e-13   1.1633e-29
   5.7165e-14   1.4348e-13  -1.6543e+01   7.9697e-44   7.0605e-14  -2.1636e-13  -8.7227e+01   4.3649e-44
  -3.0736e-30  -7.7145e-30   3.1359e-44  -1.6543e+01  -3.7962e-30   1.1633e-29   4.3649e-44  -8.7227e+01
after solving eigen quation: 2
MO Coefficient Matrix for Alpha: 
   4.1530e-17            0   1.5788e-01  -7.0023e-01  -6.8926e-01   9.8384e-02            0   2.2307e-16
  -2.6407e-15            0  -6.8926e-01  -9.8384e-02  -1.5788e-01  -7.0023e-01            0   1.1917e-15
   7.0711e-01            0  -1.1630e-15  -2.1137e-16  -2.0398e-17  -3.2740e-16            0   7.0711e-01
            0  -7.0711e-01            0            0            0            0  -7.0711e-01            0
  -1.9567e-16            0  -1.5788e-01  -7.0023e-01   6.8926e-01   9.8384e-02            0  -1.6783e-16
  -5.7801e-16            0  -6.8926e-01   9.8384e-02  -1.5788e-01   7.0023e-01            0  -2.0287e-16
   7.0711e-01            0  -2.0288e-15  -3.6636e-16  -3.8045e-16  -1.6755e-15            0  -7.0711e-01
            0  -7.0711e-01            0            0            0            0   7.0711e-01            0
MO Coefficient Matrix for Beta: 
   5.2257e-01  -6.1489e-15   1.3138e-31   6.7657e-01   4.7636e-01  -1.3138e-31   1.8933e-16   2.0555e-01
   4.7636e-01   2.1016e-15   3.2975e-31  -2.0555e-01  -5.2257e-01  -3.2975e-31   2.4090e-15   6.7657e-01
  -3.6077e-15  -7.0711e-01  -1.3404e-45  -3.4618e-16  -5.8606e-15   1.3404e-45  -7.0711e-01   2.6930e-15
  -1.1833e-30            0   7.0711e-01            0            0  -7.0711e-01            0            0
   5.2257e-01  -6.7471e-15   1.6226e-31  -6.7657e-01   4.7636e-01  -1.6226e-31  -3.7988e-16  -2.0555e-01
  -4.7636e-01  -1.6169e-15  -4.9723e-31  -2.0555e-01   5.2257e-01   4.9723e-31   2.4813e-15   6.7657e-01
  -3.4180e-15  -7.0711e-01            0   6.6212e-16  -5.7081e-15            0   7.0711e-01  -2.2721e-15
            0            0   7.0711e-01            0            0   7.0711e-01            0            0
p: 4 q: 1
Density Matrix for Alpha: 
   5.1525e-01  -3.9930e-02  -6.2465e-18            0   4.6539e-01  -1.7771e-01  -3.4403e-17            0
  -3.9930e-02   4.8475e-01  -1.0449e-15            0   1.7771e-01   4.6539e-01  -4.3289e-16            0
  -6.2465e-18  -1.0449e-15   5.0000e-01            0   1.9327e-16   3.7210e-16   5.0000e-01            0
            0            0            0   5.0000e-01            0            0            0   5.0000e-01
   4.6539e-01   1.7771e-01   1.9327e-16            0   5.1525e-01   3.9930e-02   4.3849e-16            0
  -1.7771e-01   4.6539e-01   3.7210e-16            0   3.9930e-02   4.8475e-01   9.5359e-16            0
  -3.4403e-17  -4.3289e-16   5.0000e-01            0   4.3849e-16   9.5359e-16   5.0000e-01            0
            0            0            0   5.0000e-01            0            0            0   5.0000e-01
Density Matrix for Beta: 
   2.7308e-01   2.4893e-01  -1.8853e-15  -6.1835e-31   2.7308e-01  -2.4893e-01  -1.7861e-15            0
   2.4893e-01   2.2692e-01  -1.7186e-15  -5.6368e-31   2.4893e-01  -2.2692e-01  -1.6282e-15            0
  -1.8853e-15  -1.7186e-15   1.3016e-29   4.2690e-45  -1.8853e-15   1.7186e-15   1.2331e-29            0
  -6.1835e-31  -5.6368e-31   4.2690e-45   1.4002e-60  -6.1835e-31   5.6368e-31   4.0445e-45            0
   2.7308e-01   2.4893e-01  -1.8853e-15  -6.1835e-31   2.7308e-01  -2.4893e-01  -1.7861e-15            0
  -2.4893e-01  -2.2692e-01   1.7186e-15   5.6368e-31  -2.4893e-01   2.2692e-01   1.6282e-15            0
  -1.7861e-15  -1.6282e-15   1.2331e-29   4.0445e-45  -1.7861e-15   1.6282e-15   1.1683e-29            0
            0            0            0            0            0            0            0            0
Total Density Matrix: 
   7.8833e-01   2.0900e-01  -1.8915e-15  -6.1835e-31   7.3847e-01  -4.2664e-01  -1.8205e-15            0
   2.0900e-01   7.1167e-01  -2.7635e-15  -5.6368e-31   4.2664e-01   2.3847e-01  -2.0611e-15            0
  -1.8915e-15  -2.7635e-15   5.0000e-01   4.2690e-45  -1.6920e-15   2.0907e-15   5.0000e-01            0
  -6.1835e-31  -5.6368e-31   4.2690e-45   5.0000e-01  -6.1835e-31   5.6368e-31   4.0445e-45   5.0000e-01
   7.3847e-01   4.2664e-01  -1.6920e-15  -6.1835e-31   7.8833e-01  -2.0900e-01  -1.3476e-15            0
  -4.2664e-01   2.3847e-01   2.0907e-15   5.6368e-31  -2.0900e-01   7.1167e-01   2.5818e-15            0
  -1.8205e-15  -2.0611e-15   5.0000e-01   4.0445e-45  -1.3476e-15   2.5818e-15   5.0000e-01            0
            0            0            0   5.0000e-01            0            0            0   5.0000e-01
Total Density Vector
   2.5000
   2.5000
Iteration: 3
Fock Matrix for Alpha: 
  -1.0920e+02   3.4605e+00   5.4135e-16            0  -2.7496e+01   2.4453e+01   2.4140e-15            0
   3.4605e+00  -9.6569e+01   4.7791e-13            0  -2.4453e+01  -1.4514e+02   1.3131e-13            0
   5.4135e-16   4.7791e-13  -9.6863e+01            0  -1.3561e-14  -1.1287e-13  -1.6821e+02            0
            0            0            0  -9.6863e+01            0            0            0  -1.6821e+02
  -2.7496e+01  -2.4453e+01  -1.3561e-14            0  -1.0920e+02  -3.4605e+00  -3.8002e-14            0
   2.4453e+01  -1.4514e+02  -1.1287e-13            0  -3.4605e+00  -9.6569e+01  -4.3616e-13            0
   2.4140e-15   1.3131e-13  -1.6821e+02            0  -3.8002e-14  -4.3616e-13  -9.6863e+01            0
            0            0            0  -1.6821e+02            0            0            0  -9.6863e+01
Fock Matrix for Beta: 
  -1.0453e+02  -2.1574e+01   1.6339e-13   5.3590e-29  -2.4311e+01   2.9450e+01   1.2533e-13            0
  -2.1574e+01  -9.1600e+01   7.8605e-13   2.5782e-28  -2.9450e+01   6.4856e+01   4.9387e-13            0
   1.6339e-13   7.8605e-13  -8.7227e+01  -1.9526e-42   1.3229e-13  -5.2129e-13  -1.6543e+01            0
   5.3590e-29   2.5782e-28  -1.9526e-42  -8.7227e+01   4.3389e-29  -1.7098e-28  -1.2268e-42  -1.6543e+01
  -2.4311e+01  -2.9450e+01   1.3229e-13   4.3389e-29  -1.0453e+02   2.1574e+01   1.5480e-13            0
   2.9450e+01   6.4856e+01  -5.2129e-13  -1.7098e-28   2.1574e+01  -9.1600e+01  -7.4471e-13            0
   1.2533e-13   4.9387e-13  -1.6543e+01  -1.2268e-42   1.5480e-13  -7.4471e-13  -8.7227e+01            0
            0            0            0  -1.6543e+01            0            0            0  -8.7227e+01
after solving eigen quation: 3
MO Coefficient Matrix for Alpha: 
   2.7870e-16            0  -1.1813e-01   7.0272e-01   6.9717e-01  -7.8628e-02            0   3.3036e-17
   2.3200e-15            0   6.9717e-01   7.8628e-02   1.1813e-01   7.0272e-01            0   1.0875e-15
  -7.0711e-01            0   2.1931e-16   7.8944e-17  -1.4010e-16   9.6321e-16            0   7.0711e-01
            0  -7.0711e-01            0            0            0            0  -7.0711e-01            0
   1.9844e-16            0   1.1813e-01   7.0272e-01  -6.9717e-01  -7.8628e-02            0  -6.5617e-17
  -3.4199e-16            0   6.9717e-01  -7.8628e-02   1.1813e-01  -7.0272e-01            0   4.2761e-16
  -7.0711e-01            0   1.7137e-15   4.4694e-16   3.2303e-16   1.6263e-15            0  -7.0711e-01
            0  -7.0711e-01            0            0            0            0   7.0711e-01            0
MO Coefficient Matrix for Beta: 
  -4.2977e-01   1.2385e-14  -2.4769e-14   5.6152e-01   6.9987e-01   2.1119e-16  -1.6577e-15   1.0094e-01
  -5.6152e-01  -4.1506e-15   8.3012e-15  -4.2977e-01  -1.0094e-01   4.8353e-16  -3.7953e-15   6.9987e-01
   9.4846e-15   3.1623e-01  -6.3246e-01  -2.7374e-14   9.6588e-16  -8.9364e-02   7.0144e-01   4.1468e-15
   1.5777e-30  -6.3246e-01  -3.1623e-01  -6.3109e-30   7.8886e-31  -7.0144e-01  -8.9364e-02            0
  -4.2977e-01   1.2157e-14  -2.4313e-14   5.6152e-01  -6.9987e-01  -2.1426e-16   1.6740e-15  -1.0094e-01
   5.6152e-01   4.2214e-15  -8.4428e-15   4.2977e-01  -1.0094e-01   5.3417e-16  -4.2428e-15   6.9987e-01
   9.1038e-15   3.1623e-01  -6.3246e-01  -2.7589e-14  -1.3323e-15   8.9364e-02  -7.0144e-01  -4.4409e-15
   2.8643e-31  -6.3246e-01  -3.1623e-01  -3.4220e-29  -2.0167e-30   7.0144e-01   8.9364e-02  -4.0307e-32
p: 4 q: 1
Density Matrix for Alpha: 
   5.0777e-01  -2.7102e-02  -1.6750e-16            0   4.7986e-01  -1.3761e-01  -8.5429e-17            0
  -2.7102e-02   4.9223e-01  -1.4814e-15            0   1.3761e-01   4.7986e-01  -4.1061e-16            0
  -1.6750e-16  -1.4814e-15   5.0000e-01            0  -5.8938e-17   3.8851e-16   5.0000e-01            0
            0            0            0   5.0000e-01            0            0            0   5.0000e-01
   4.7986e-01   1.3761e-01  -5.8938e-17            0   5.0777e-01   2.7102e-02   3.7619e-16            0
  -1.3761e-01   4.7986e-01   3.8851e-16            0   2.7102e-02   4.9223e-01   1.4014e-15            0
  -8.5429e-17  -4.1061e-16   5.0000e-01            0   3.7619e-16   1.4014e-15   5.0000e-01            0
            0            0            0   5.0000e-01            0            0            0   5.0000e-01
Density Matrix for Beta: 
   1.8470e-01   2.4132e-01  -4.0762e-15  -6.7805e-31   1.8470e-01  -2.4132e-01  -3.9125e-15  -1.2310e-31
   2.4132e-01   3.1530e-01  -5.3258e-15  -8.8592e-31   2.4132e-01  -3.1530e-01  -5.1120e-15  -1.6084e-31
  -4.0762e-15  -5.3258e-15   8.9958e-29   1.4964e-44  -4.0762e-15   5.3258e-15   8.6346e-29   2.7167e-45
  -6.7805e-31  -8.8592e-31   1.4964e-44   2.4892e-60  -6.7805e-31   8.8592e-31   1.4363e-44   4.5191e-61
   1.8470e-01   2.4132e-01  -4.0762e-15  -6.7805e-31   1.8470e-01  -2.4132e-01  -3.9125e-15  -1.2310e-31
  -2.4132e-01  -3.1530e-01   5.3258e-15   8.8592e-31  -2.4132e-01   3.1530e-01   5.1120e-15   1.6084e-31
  -3.9125e-15  -5.1120e-15   8.6346e-29   1.4363e-44  -3.9125e-15   5.1120e-15   8.2880e-29   2.6076e-45
  -1.2310e-31  -1.6084e-31   2.7167e-45   4.5191e-61  -1.2310e-31   1.6084e-31   2.6076e-45   8.2044e-62
Total Density Matrix: 
   6.9247e-01   2.1422e-01  -4.2437e-15  -6.7805e-31   6.6456e-01  -3.7893e-01  -3.9979e-15  -1.2310e-31
   2.1422e-01   8.0753e-01  -6.8071e-15  -8.8592e-31   3.7893e-01   1.6456e-01  -5.5226e-15  -1.6084e-31
  -4.2437e-15  -6.8071e-15   5.0000e-01   1.4964e-44  -4.1351e-15   5.7143e-15   5.0000e-01   2.7167e-45
  -6.7805e-31  -8.8592e-31   1.4964e-44   5.0000e-01  -6.7805e-31   8.8592e-31   1.4363e-44   5.0000e-01
   6.6456e-01   3.7893e-01  -4.1351e-15  -6.7805e-31   6.9247e-01  -2.1422e-01  -3.5363e-15  -1.2310e-31
  -3.7893e-01   1.6456e-01   5.7143e-15   8.8592e-31  -2.1422e-01   8.0753e-01   6.5133e-15   1.6084e-31
  -3.9979e-15  -5.5226e-15   5.0000e-01   1.4363e-44  -3.5363e-15   6.5133e-15   5.0000e-01   2.6076e-45
  -1.2310e-31  -1.6084e-31   2.7167e-45   5.0000e-01  -1.2310e-31   1.6084e-31   2.6076e-45   5.0000e-01
Total Density Vector
   2.5000
   2.5000
Iteration: 4
Fock Matrix for Alpha: 
  -1.0905e+02   2.3488e+00   1.4516e-14            0  -2.7736e+01   2.1639e+01   5.9944e-15            0
   2.3488e+00  -9.6714e+01   6.7755e-13            0  -2.1639e+01  -1.4953e+02   1.2455e-13            0
   1.4516e-14   6.7755e-13  -9.6863e+01            0   4.1356e-15  -1.1784e-13  -1.6821e+02            0
            0            0            0  -9.6863e+01            0            0            0  -1.6821e+02
  -2.7736e+01  -2.1639e+01   4.1356e-15            0  -1.0905e+02  -2.3488e+00  -3.2602e-14            0
   2.1639e+01  -1.4953e+02  -1.1784e-13            0  -2.3488e+00  -9.6714e+01  -6.4097e-13            0
   5.9944e-15   1.2455e-13  -1.6821e+02            0  -3.2602e-14  -6.4097e-13  -9.6863e+01            0
            0            0            0  -1.6821e+02            0            0            0  -9.6863e+01
Fock Matrix for Beta: 
  -1.0283e+02  -2.0914e+01   3.5326e-13   5.8763e-29  -2.2847e+01   2.8916e+01   2.7454e-13   8.6377e-30
  -2.0914e+01  -9.3304e+01   2.4359e-12   4.0520e-28  -2.8916e+01   9.1664e+01   1.5506e-12   4.8786e-29
   3.5326e-13   2.4359e-12  -8.7227e+01  -6.8443e-42   2.8602e-13  -1.6154e-12  -1.6543e+01  -8.2404e-43
   5.8763e-29   4.0520e-28  -6.8443e-42  -8.7227e+01   4.7578e-29  -2.6872e-28  -4.3567e-42  -1.6543e+01
  -2.2847e+01  -2.8916e+01   2.8602e-13   4.7578e-29  -1.0283e+02   2.0914e+01   3.3908e-13   1.0668e-29
   2.8916e+01   9.1664e+01  -1.6154e-12  -2.6872e-28   2.0914e+01  -9.3304e+01  -2.3381e-12  -7.3564e-29
   2.7454e-13   1.5506e-12  -1.6543e+01  -4.3567e-42   3.3908e-13  -2.3381e-12  -8.7227e+01  -1.1927e-42
   8.6377e-30   4.8786e-29  -8.2404e-43  -1.6543e+01   1.0668e-29  -7.3564e-29  -1.1927e-42  -8.7227e+01
after solving eigen quation: 4
MO Coefficient Matrix for Alpha: 
   2.3130e-16  -7.6599e-18  -9.9751e-02  -7.0355e-01  -7.0004e-01  -7.0852e-02   8.0445e-32   1.3956e-16
   2.3405e-15  -7.7511e-17   7.0004e-01  -7.0852e-02  -9.9751e-02   7.0355e-01  -8.7238e-31   1.9511e-15
  -7.0672e-01   2.3405e-02  -5.8287e-16  -4.4409e-16   2.2204e-16   9.7145e-16   2.6208e-17   7.0711e-01
  -2.3405e-02  -7.0672e-01  -1.5777e-30   4.9304e-32            0            0  -7.0711e-01            0
   6.5121e-17  -1.7420e-18   9.9751e-02  -7.0355e-01   7.0004e-01  -7.0852e-02  -1.2052e-31  -1.7606e-16
  -1.1102e-15   3.8164e-17   7.0004e-01   7.0852e-02  -9.9751e-02  -7.0355e-01  -7.3648e-31   5.5511e-16
  -7.0672e-01   2.3405e-02   1.7764e-15  -3.8858e-16  -4.8572e-16   2.4425e-15            0  -7.0711e-01
  -2.3405e-02  -7.0672e-01            0            0            0            0   7.0711e-01            0
MO Coefficient Matrix for Beta: 
   3.4954e-01  -1.5083e-13   3.6921e-31  -6.1467e-01  -7.0352e-01   3.6921e-31   2.6865e-15  -7.1127e-02
   6.1467e-01   5.7428e-14   2.0853e-30   3.4954e-01   7.1127e-02   2.0853e-30   7.6456e-15  -7.0352e-01
  -2.4657e-14  -7.0711e-01  -3.5223e-44   1.5856e-13  -1.0493e-15  -3.5223e-44  -7.0711e-01  -8.2933e-15
   6.3109e-30            0  -7.0711e-01            0            0  -7.0711e-01            0   1.5777e-30
   3.4954e-01  -1.4890e-13   4.5601e-31  -6.1467e-01   7.0352e-01   4.5601e-31  -2.8455e-15   7.1127e-02
  -6.1467e-01  -5.7162e-14  -3.1444e-30  -3.4954e-01   7.1127e-02  -3.1444e-30   8.4259e-15  -7.0352e-01
  -2.3875e-14  -7.0711e-01            0   1.5836e-13   2.9615e-15            0   7.0711e-01   8.1602e-15
            0            0  -7.0711e-01            0            0   7.0711e-01            0            0
p: 4 q: 1
Density Matrix for Alpha: 
   5.0493e-01  -1.9981e-02   2.0694e-16   5.6271e-32   4.8503e-01  -1.1968e-01  -6.7450e-17  -6.1027e-32
  -1.9981e-02   4.9507e-01  -2.0325e-15  -5.4128e-31   1.1968e-01   4.8503e-01  -3.8484e-16   6.1598e-31
   2.0694e-16  -2.0325e-15   5.0000e-01  -2.5622e-18   2.0823e-16   3.4602e-16   5.0000e-01  -1.6440e-17
   5.6271e-32  -5.4128e-31  -2.5622e-18   5.0000e-01  -2.9305e-19  -9.8669e-19   3.3591e-18   5.0000e-01
   4.8503e-01   1.1968e-01   2.0823e-16  -2.9305e-19   5.0493e-01   1.9981e-02   4.0451e-16  -2.9305e-19
  -1.1968e-01   4.8503e-01   3.4602e-16  -9.8669e-19   1.9981e-02   4.9507e-01   2.0015e-15  -9.8669e-19
  -6.7450e-17  -3.8484e-16   5.0000e-01   3.3591e-18   4.0451e-16   2.0015e-15   5.0000e-01  -1.0519e-17
  -6.1027e-32   6.1598e-31  -1.6440e-17   5.0000e-01  -2.9305e-19  -9.8669e-19  -1.0519e-17   5.0000e-01
Density Matrix for Beta: 
   1.2218e-01   2.1485e-01  -8.6187e-15   2.2059e-30   1.2218e-01  -2.1485e-01  -8.3453e-15            0
   2.1485e-01   3.7782e-01  -1.5156e-14   3.8791e-30   2.1485e-01  -3.7782e-01  -1.4676e-14            0
  -8.6187e-15  -1.5156e-14   6.0799e-28  -1.5561e-43  -8.6187e-15   1.5156e-14   5.8870e-28            0
   2.2059e-30   3.8791e-30  -1.5561e-43   3.9827e-59   2.2059e-30  -3.8791e-30  -1.5067e-43            0
   1.2218e-01   2.1485e-01  -8.6187e-15   2.2059e-30   1.2218e-01  -2.1485e-01  -8.3453e-15            0
  -2.1485e-01  -3.7782e-01   1.5156e-14  -3.8791e-30  -2.1485e-01   3.7782e-01   1.4676e-14            0
  -8.3453e-15  -1.4676e-14   5.8870e-28  -1.5067e-43  -8.3453e-15   1.4676e-14   5.7003e-28            0
            0            0            0            0            0            0            0            0
Total Density Matrix: 
   6.2711e-01   1.9487e-01  -8.4117e-15   2.2622e-30   6.0721e-01  -3.3453e-01  -8.4127e-15  -6.1027e-32
   1.9487e-01   8.7289e-01  -1.7189e-14   3.3379e-30   3.3453e-01   1.0721e-01  -1.5060e-14   6.1598e-31
  -8.4117e-15  -1.7189e-14   5.0000e-01  -2.5622e-18  -8.4104e-15   1.5502e-14   5.0000e-01  -1.6440e-17
   2.2622e-30   3.3379e-30  -2.5622e-18   5.0000e-01  -2.9305e-19  -9.8669e-19   3.3591e-18   5.0000e-01
   6.0721e-01   3.3453e-01  -8.4104e-15  -2.9305e-19   6.2711e-01  -1.9487e-01  -7.9408e-15  -2.9305e-19
  -3.3453e-01   1.0721e-01   1.5502e-14  -9.8669e-19  -1.9487e-01   8.7289e-01   1.6677e-14  -9.8669e-19
  -8.4127e-15  -1.5060e-14   5.0000e-01   3.3591e-18  -7.9408e-15   1.6677e-14   5.0000e-01  -1.0519e-17
  -6.1027e-32   6.1598e-31  -1.6440e-17   5.0000e-01  -2.9305e-19  -9.8669e-19  -1.0519e-17   5.0000e-01
Total Density Vector
   2.5000
   2.5000
Iteration: 5
Fock Matrix for Alpha: 
  -1.0900e+02   1.7317e+00  -1.7934e-14  -4.8768e-30  -2.7821e+01   2.0381e+01   4.7329e-15   4.2822e-30
   1.7317e+00  -9.6768e+01   9.2961e-13   2.4757e-28  -2.0381e+01  -1.5110e+02   1.1673e-13  -1.8684e-28
  -1.7934e-14   9.2961e-13  -9.6863e+01   1.1719e-15  -1.4611e-14  -1.0496e-13  -1.6821e+02   4.9867e-15
  -4.8768e-30   2.4757e-28   1.1719e-15  -9.6863e+01   2.0563e-17   2.9929e-16  -1.0189e-15  -1.6821e+02
  -2.7821e+01  -2.0381e+01  -1.4611e-14   2.0563e-17  -1.0900e+02  -1.7317e+00  -3.5057e-14   2.5397e-17
   2.0381e+01  -1.5110e+02  -1.0496e-13   2.9929e-16  -1.7317e+00  -9.6768e+01  -9.1545e-13   4.5129e-16
   4.7329e-15   1.1673e-13  -1.6821e+02  -1.0189e-15  -3.5057e-14  -9.1545e-13  -9.6863e+01   4.8111e-15
   4.2822e-30  -1.8684e-28   4.9867e-15  -1.6821e+02   2.5397e-17   4.5129e-16   4.8111e-15  -9.6863e+01
Fock Matrix for Beta: 
  -1.0162e+02  -1.8620e+01   7.4694e-13  -1.9117e-28  -2.1811e+01   2.7059e+01   5.8558e-13            0
  -1.8620e+01  -9.4509e+01   6.9322e-12  -1.7743e-27  -2.7059e+01   1.1063e+02   4.4515e-12            0
   7.4694e-13   6.9322e-12  -8.7227e+01   7.1173e-41   6.0476e-13  -4.5973e-12  -1.6543e+01            0
  -1.9117e-28  -1.7743e-27   7.1173e-41  -8.7227e+01  -1.5478e-28   1.1766e-27   4.5703e-41  -1.6543e+01
  -2.1811e+01  -2.7059e+01   6.0476e-13  -1.5478e-28  -1.0162e+02   1.8620e+01   7.2325e-13            0
   2.7059e+01   1.1063e+02  -4.5973e-12   1.1766e-27   1.8620e+01  -9.4509e+01  -6.7123e-12            0
   5.8558e-13   4.4515e-12  -1.6543e+01   4.5703e-41   7.2325e-13  -6.7123e-12  -8.7227e+01            0
            0            0            0  -1.6543e+01            0            0            0  -8.7227e+01
after solving eigen quation: 5
MO Coefficient Matrix for Alpha: 
  -2.6242e-19  -4.7737e-17  -9.1434e-02  -7.0383e-01  -7.0117e-01   6.8025e-02   5.4075e-17  -6.7689e-17
   2.6039e-18  -3.9526e-15   7.0117e-01  -6.8025e-02  -9.1434e-02  -7.0383e-01   1.5314e-15  -1.9094e-15
  -8.9724e-18   7.0711e-01   2.2024e-17  -5.0329e-16   3.9374e-16  -1.4697e-15   4.4202e-01  -5.5192e-01
   7.0711e-01            0   3.3228e-19   3.3043e-20  -7.0230e-20   7.0552e-18   5.5192e-01   4.4202e-01
  -2.2791e-19  -5.1961e-16   9.1434e-02  -7.0383e-01   7.0117e-01   6.8025e-02  -1.6807e-16   1.6717e-16
  -4.1107e-18   3.1572e-16   7.0117e-01   6.8025e-02  -9.1434e-02   7.0383e-01   6.8236e-16  -8.8967e-16
            0   7.0711e-01   3.4272e-15  -4.5480e-16  -4.1998e-16  -2.9411e-15  -4.4202e-01   5.5192e-01
   7.0711e-01            0            0            0            0            0  -5.5192e-01  -4.4202e-01
MO Coefficient Matrix for Beta: 
   2.8869e-01  -2.9076e-12            0  -6.4549e-01  -7.0443e-01  -6.8375e-15            0  -6.1494e-02
   6.4549e-01   1.2316e-12            0   2.8869e-01   6.1494e-02  -1.6943e-14            0  -7.0443e-01
  -6.4090e-14  -7.0711e-01            0   3.1565e-12  -5.1647e-15   7.0711e-01            0  -1.8814e-14
            0            0  -7.0711e-01            0            0            0  -7.0711e-01            0
   2.8869e-01  -2.9093e-12            0  -6.4549e-01   7.0443e-01   5.0541e-15            0   6.1494e-02
  -6.4549e-01  -1.2314e-12            0  -2.8869e-01   6.1494e-02  -1.9458e-14            0  -7.0443e-01
  -6.2500e-14  -7.0711e-01            0   3.1589e-12   3.5438e-15  -7.0711e-01            0   1.8411e-14
            0            0  -7.0711e-01            0            0            0   7.0711e-01            0
p: 4 q: 1
Density Matrix for Alpha: 
   5.0373e-01  -1.6233e-02   3.1846e-16  -2.3920e-19   4.8701e-01  -1.1199e-01  -2.7017e-17  -1.8556e-19
  -1.6233e-02   4.9627e-01  -2.7452e-15   2.0719e-18   1.1199e-01   4.8701e-01  -3.6087e-16   1.8412e-18
   3.1846e-16  -2.7452e-15   5.0000e-01  -6.3444e-18  -1.1177e-17   2.0445e-16   5.0000e-01  -6.3444e-18
  -2.3920e-19   2.0719e-18  -6.3444e-18   5.0000e-01  -1.5403e-19  -2.6714e-18   1.1238e-33   5.0000e-01
   4.8701e-01   1.1199e-01  -1.1177e-17  -1.5403e-19   5.0373e-01   1.6233e-02   2.6605e-16  -1.6116e-19
  -1.1199e-01   4.8701e-01   2.0445e-16  -2.6714e-18   1.6233e-02   4.9627e-01   2.5954e-15  -2.9067e-18
  -2.7017e-17  -3.6087e-16   5.0000e-01   1.1238e-33   2.6605e-16   2.5954e-15   5.0000e-01            0
  -1.8556e-19   1.8412e-18  -6.3444e-18   5.0000e-01  -1.6116e-19  -2.9067e-18            0   5.0000e-01
Density Matrix for Beta: 
   8.3345e-02   1.8635e-01  -1.8503e-14            0   8.3345e-02  -1.8635e-01  -1.8043e-14            0
   1.8635e-01   4.1666e-01  -4.1369e-14            0   1.8635e-01  -4.1666e-01  -4.0343e-14            0
  -1.8503e-14  -4.1369e-14   4.1076e-27            0  -1.8503e-14   4.1369e-14   4.0056e-27            0
            0            0            0            0            0            0            0            0
   8.3345e-02   1.8635e-01  -1.8503e-14            0   8.3345e-02  -1.8635e-01  -1.8043e-14            0
  -1.8635e-01  -4.1666e-01   4.1369e-14            0  -1.8635e-01   4.1666e-01   4.0343e-14            0
  -1.8043e-14  -4.0343e-14   4.0056e-27            0  -1.8043e-14   4.0343e-14   3.9063e-27            0
            0            0            0            0            0            0            0            0
Total Density Matrix: 
   5.8708e-01   1.7012e-01  -1.8184e-14  -2.3920e-19   5.7036e-01  -2.9834e-01  -1.8070e-14  -1.8556e-19
   1.7012e-01   9.1292e-01  -4.4115e-14   2.0719e-18   2.9834e-01   7.0357e-02  -4.0704e-14   1.8412e-18
  -1.8184e-14  -4.4115e-14   5.0000e-01  -6.3444e-18  -1.8514e-14   4.1574e-14   5.0000e-01  -6.3444e-18
  -2.3920e-19   2.0719e-18  -6.3444e-18   5.0000e-01  -1.5403e-19  -2.6714e-18   1.1238e-33   5.0000e-01
   5.7036e-01   2.9834e-01  -1.8514e-14  -1.5403e-19   5.8708e-01  -1.7012e-01  -1.7777e-14  -1.6116e-19
  -2.9834e-01   7.0357e-02   4.1574e-14  -2.6714e-18  -1.7012e-01   9.1292e-01   4.2938e-14  -2.9067e-18
  -1.8070e-14  -4.0704e-14   5.0000e-01   1.1238e-33  -1.7777e-14   4.2938e-14   5.0000e-01            0
  -1.8556e-19   1.8412e-18  -6.3444e-18   5.0000e-01  -1.6116e-19  -2.9067e-18            0   5.0000e-01
Total Density Vector
   2.5000
   2.5000
Iteration: 6
Fock Matrix for Alpha: 
  -1.0898e+02   1.4068e+00  -2.7600e-14   2.0730e-17  -2.7854e+01   1.9841e+01   1.8958e-15   1.3020e-17
   1.4068e+00  -9.6791e+01   1.2556e-12  -9.4767e-16  -1.9841e+01  -1.5170e+02   1.0946e-13  -5.5848e-16
  -2.7600e-14   1.2556e-12  -9.6863e+01   2.9018e-15   7.8428e-16  -6.2016e-14  -1.6821e+02   1.9244e-15
   2.0730e-17  -9.4767e-16   2.9018e-15  -9.6863e+01   1.0808e-17   8.1032e-16  -3.4087e-31  -1.6821e+02
  -2.7854e+01  -1.9841e+01   7.8428e-16   1.0808e-17  -1.0898e+02  -1.4068e+00  -2.3057e-14   1.3967e-17
   1.9841e+01  -1.5170e+02  -6.2016e-14   8.1032e-16  -1.4068e+00  -9.6791e+01  -1.1871e-12   1.3295e-15
   1.8958e-15   1.0946e-13  -1.6821e+02  -3.4087e-31  -2.3057e-14  -1.1871e-12  -9.6863e+01            0
   1.3020e-17  -5.5848e-16   1.9244e-15  -1.6821e+02   1.3967e-17   1.3295e-15            0  -9.6863e+01
Fock Matrix for Beta: 
  -1.0087e+02  -1.6150e+01   1.6035e-12            0  -2.1168e+01   2.5059e+01   1.2661e-12            0
  -1.6150e+01  -9.5257e+01   1.8922e-11            0  -2.5059e+01   1.2241e+02   1.2237e-11            0
   1.6035e-12   1.8922e-11  -8.7227e+01            0   1.2983e-12  -1.2548e-11  -1.6543e+01            0
